x
1163
9273
2062
3582
4361
6574
10295
748
6575
5581
12295
1485
1484
11060
1899
9268
1900
10582
1204
7263
10294
9462
2745
3194
6653
6560
11447
1885
4383
5506
8141
1252
3183
1884
5761
8618
386
6017
1883
7138
8139
6737
6545
585
11757
8669
2792
9668
6955
4568
1308
3059
9842
597
9419
125
12241
8670
1854
11903
622
2923
9367
3732
6561
4266
1205
8140
7068
2317
10801
2340
1424
9952
11946
5964
3884
11144
9681
3651
1591
602
10296
5679
7510
5290
9108
9092
7679
3835
5390
8103
1213
227
6746
10424
8604
4901
3516
8924
8630
2120
5658
5489
10583
9581
811
11416
219
9065
11218
8731
1916
4375
5947
9522
11622
11697
2716
9885
4317
9363
5713
10293
10343
3672
10159
3364
11008
6392
430
3443
6506
717
1734
9965
5238
911
3412
8587
6759
8344
274
6966
7741
11609
6116
11906
9913
9680
5317
375
6650
4946
1849
9545
16
8620
1709
2067
1897
10014
4891
3836
5983
3885
3355
2041
228
351
9585
9316
6598
6618
3711
948
11145
9256
3883
9687
7353
8131
4913
8333
3700
10611
8021
3952
9800
6862
10598
6766
11861
2924
1245
8059
4532
258
3636
487
6750
4892
10556
3356
8352
10628
11500
7149
2753
4710
2117
7555
4063
480
3722
458
11388
4903
2372
2057
4902
2392
7400
7237
732
4820
9656
1901
2246
3036
6978
4372
2646
10888
3144
9180
247
436
10849
6900
5753
4136
571
11515
11914
7444
6839
570
12058
11219
5202
1608
9284
5147
2395
4415
901
3391
3267
8904
6789
3667
7828
632
10211
8589
2481
12031
12394
8960
10299
7336
11804
1898
3640
5925
7394
10585
6332
7348
851
1840
2942
4935
7125
9197
8614
11560
9619
9598
11803
10292
3254
3683
4730
7946
3571
4614
8593
8289
600
4373
11178
2440
6800
4945
907
6946
128
7321
9259
9198
1538
7209
7924
10254
6041
6243
4518
6528
7857
10498
4228
9351
5960
7994
7525
12136
3688
10772
12047
6918
6971
3386
2951
10280
6161
2826
882
9072
7370
10097
6856
6891
9575
5518
10714
4479
10043
9386
1713
9700
7052
4077
5689
9013
4825
11045
11692
7496
278
245
635
10870
7229
7274
7405
11772
6682
3055
5797
854
4240
9695
7042
10331
10743
596
320
10477
7655
6377
11980
707
11007
3882
7141
11336
6423
4867
10958
2185
6021
5906
6649
9594
2441
8454
9442
4427
9967
9467
5796
10258
12310
3200
4495
8730
8912
7029
11616
5767
5003
10059
7415
2426
6306
9587
10555
5143
321
10387
5830
5957
10827
9733
5420
206
10426
12222
7225
2193
6315
11503
7822
9985
8409
10713
2902
5135
8639
1863
3058
5791
5633
3879
5120
7685
7734
8324
8496
4852
6298
584
9968
461
6062
2915
3899
7090
2206
9340
2696
8931
1207
8797
10538
1644
9920
11077
925
7654
7329
8372
6254
3511
444
9890
8051
5017
7568
5872
4438
5611
1735
2981
4294
11164
3351
445
4630
203
446
7969
10204
7211
9841
1770
1016
5707
1045
6221
9544
5718
1683
8182
6605
493
3329
10201
8725
6542
10364
5946
514
1006
9090
9627
10070
11994
753
9450
9688
11535
11473
6251
9190
10237
5079
1716
7905
10281
4944
4440
2800
794
1158
9069
11883
5153
10173
5681
10647
5965
10358
5766
3331
3687
11976
3773
7150
4212
8968
590
3276
11332
7088
8263
4435
3440
4829
7942
2188
9970
11167
3333
3902
11301
9819
10027
8060
3979
6025
101
10283
12219
2047
716
4428
804
10939
9974
2160
7675
5832
1225
1013
4088
299
4469
5364
229
11642
7067
4097
5275
2936
11462
1301
6162
10499
11615
7066
11628
745
11259
11255
2268
1415
9455
8946
7459
5868
10092
10776
8887
5614
1578
4401
4498
11872
9201
5745
5699
6003
5774
5262
4280
4019
6139
2739
7515
1334
6487
5389
555
6219
1784
7436
4377
9529
3677
2253
5582
2078
6794
10855
7226
10248
4884
1906
4165
10740
10731
4739
11733
5710
3587
9620
5249
5080
11590
598
1386
3410
9479
1635
2730
3647
3948
2744
4588
1679
728
10213
7407
5989
2508
7054
4775
8619
674
5474
1481
8163
6241
8992
7503
10244
9089
1813
3876
4883
7789
7960
1141
5790
7290
7425
6757
7004
5784
5986
3736
11760
2157
11181
7314
9422
142
9675
9394
158
5487
2116
7310
5678
6588
2
10055
10375
9534
5794
5255
10344
7153
1507
12351
6067
9537
2767
6660
11472
1902
1365
5897
11661
7482
5943
4107
1462
11918
6444
3880
6128
971
9128
2809
407
2897
983
2085
479
11670
2807
1631
11271
8511
2376
11942
2170
473
9139
1164
9308
10759
3238
6957
2650
3959
636
9193
6232
2589
1406
2677
3886
4782
11365
7606
548
9523
8271
1396
11128
7158
1086
1960
3266
7369
1307
134
6755
772
9418
9833
2689
11357
1633
4578
10141
5128
4174
1819
12246
118
6738
806
10600
4874
2210
12164
10427
2982
3035
8909
12395
391
11404
8555
2341
5170
2411
4445
7866
5668
5284
5061
5995
3072
6519
3243
12311
8343
5687
7487
3381
692
1435
12389
10875
8849
8510
11112
6157
9017
5403
11237
353
3663
10381
1323
9397
6973
11709
10689
2528
1580
10209
10597
11256
556
565
1343
130
5921
7451
4827
3763
9398
3477
7458
8682
7658
6908
9669
3539
3735
515
4709
3620
5188
2192
3301
10785
5178
9568
3927
5396
4141
10060
5682
4021
3515
10580
5476
4406
4352
10373
1681
10946
523
869
6390
3945
8462
510
4054
11761
8726
7010
6859
7423
9917
7921
11536
4853
2181
7829
10629
816
10934
9881
12063
5077
1371
512
5055
1973
3974
8165
2075
4541
126
11565
6242
7778
3131
6445
11364
7363
2112
3393
11390
4570
11398
700
1253
3935
8936
10667
7820
2071
11386
1215
12218
10349
690
11294
10905
12120
4550
9912
3255
9984
10326
11038
6230
6304
833
7861
2005
11023
2912
1208
7792
8193
7587
3105
7309
1705
1162
9127
7319
3686
4449
7439
11479
8530
7644
410
5168
12084
5014
4687
6259
886
4043
4926
6248
